<?xml version="2.0" ?>
<Type>saved</Type>
<ActorObjects>
    <Group t0="36.3443" t1="-56.5086" t2="101.865" s0="2.1055" s1="1.56849" s2="0.240698" q0="0" q1="-0.258819" q2="-2.98023e-008" r0="0.866025" r1="-5.75737e-008" r2="0.5" r3="0" r4="5.75737e-008" r5="1" r6="1.54268e-008" r7="0" r8="-0.5" r9="1.54268e-008" r10="0.866025" r11="0" r12="0" r13="0" r14="0" r15="1" id="852" version="1">
        <parameters />
        <EnvObject t0="36.4053" t1="-56.5649" t2="101.899" s0="0.793209" s1="1.05594" s2="2.36591" q0="-0.183013" q1="-0.183013" q2="0.683013" r0="1.19209e-007" r1="1" r2="-2.08616e-007" r3="0" r4="-0.866025" r5="0" r6="-0.5" r7="0" r8="-0.5" r9="2.83122e-007" r10="0.866025" r11="0" r12="0" r13="0" r14="0" r15="1" id="849" color_r="0.294118" color_g="0.329412" color_b="0.294118" type_file="Data/Objects/Buildings/Fence1.xml">
            <parameters />
        </EnvObject>
        <EnvObject t0="36.3962" t1="-56.5709" t2="101.888" s0="1.8309" s1="1.83091" s2="1.83091" q0="-5.96047e-008" q1="-0.258819" q2="-2.98023e-008" r0="0.866025" r1="-2.67201e-008" r2="0.5" r3="0" r4="8.84274e-008" r5="1" r6="-9.97206e-008" r7="0" r8="-0.5" r9="1.30574e-007" r10="0.866025" r11="0" r12="0" r13="0" r14="0" r15="1" id="850" color_r="0.294118" color_g="0.329412" color_b="0.294118" type_file="Data/Objects/Buildings/shops/sign_short_board.xml">
            <parameters />
        </EnvObject>
        <EnvObject t0="35.5188" t1="-56.5086" t2="101.388" s0="1" s1="0.571851" s2="1" q0="-5.96047e-008" q1="0.5" q2="7.45058e-008" r0="0.5" r1="6.94432e-008" r2="-0.866025" r3="0" r4="-1.88653e-007" r5="1" r6="-2.87325e-008" r7="0" r8="0.866025" r9="1.77744e-007" r10="0.5" r11="0" r12="0" r13="0" r14="0" r15="1" id="851" color_r="0.294118" color_g="0.329412" color_b="0.294118" type_file="Data/Objects/Buildings/Post1.xml">
            <parameters />
        </EnvObject>
    </Group>
</ActorObjects>
