<?xml version="2.0" ?>
<Type>saved</Type>
<ActorObjects>
    <Group t0="132.897" t1="31.9533" t2="172.325" s0="4.7791" s1="5.51786" s2="3.65807" q0="0" q1="0" q2="0" r0="1" r1="0" r2="0" r3="0" r4="0" r5="1" r6="0" r7="0" r8="0" r9="0" r10="1" r11="0" r12="0" r13="0" r14="0" r15="1" id="615" version="1">
        <parameters />
        <EnvObject t0="132.902" t1="33.6165" t2="172.275" s0="5.09767" s1="2.13983" s2="3.70427" q0="0.5" q1="0" q2="0" r0="1" r1="0" r2="0" r3="0" r4="0" r5="0.5" r6="0.866026" r7="0" r8="0" r9="-0.866026" r10="0.5" r11="0" r12="0" r13="0" r14="0" r15="1" id="380" color_r="0.447059" color_g="0.545098" color_b="0.411765" type_file="Data/Objects/Buildings/Fence1.xml">
            <parameters />
        </EnvObject>
        <EnvObject t0="130.784" t1="31.0558" t2="171.491" s0="2.83942" s1="2.65031" s2="1.7392" q0="-0.707107" q1="0" q2="0" r0="1" r1="0" r2="-0" r3="0" r4="-0" r5="-5.96046e-007" r6="-1" r7="0" r8="0" r9="1" r10="-5.96046e-007" r11="0" r12="0" r13="0" r14="0" r15="1" id="381" color_r="0.498039" color_g="0.572549" color_b="0.490196" type_file="Data/Objects/Buildings/PostRound1.xml">
            <parameters />
        </EnvObject>
        <EnvObject t0="130.784" t1="31.7025" t2="173.767" s0="2.46583" s1="2.65031" s2="2.42727" q0="-0.5" q1="0.5" q2="0.5" r0="0" r1="0" r2="-1" r3="0" r4="-1" r5="0" r6="0" r7="0" r8="0" r9="1" r10="0" r11="0" r12="0" r13="0" r14="0" r15="1" id="382" color_r="0.498039" color_g="0.572549" color_b="0.490196" type_file="Data/Objects/Buildings/PostRound1.xml">
            <parameters />
        </EnvObject>
        <EnvObject t0="134.717" t1="31.0423" t2="171.491" s0="2.83942" s1="2.65031" s2="1.7487" q0="-0.707107" q1="0" q2="0" r0="1" r1="0" r2="-0" r3="0" r4="-0" r5="-5.96046e-007" r6="-1" r7="0" r8="0" r9="1" r10="-5.96046e-007" r11="0" r12="0" r13="0" r14="0" r15="1" id="383" color_r="0.498039" color_g="0.572549" color_b="0.490196" type_file="Data/Objects/Buildings/PostRound1.xml">
            <parameters />
        </EnvObject>
        <EnvObject t0="134.717" t1="31.689" t2="173.767" s0="2.46583" s1="2.65031" s2="2.44052" q0="-0.5" q1="0.5" q2="0.5" r0="0" r1="0" r2="-1" r3="0" r4="-1" r5="0" r6="0" r7="0" r8="0" r9="1" r10="0" r11="0" r12="0" r13="0" r14="0" r15="1" id="384" color_r="0.498039" color_g="0.572549" color_b="0.490196" type_file="Data/Objects/Buildings/PostRound1.xml">
            <parameters />
        </EnvObject>
        <EnvObject t0="130.784" t1="31.6606" t2="172.658" s0="2.28844" s1="2.13602" s2="1.14741" q0="0" q1="0" q2="0" r0="1" r1="0" r2="0" r3="0" r4="0" r5="1" r6="0" r7="0" r8="0" r9="0" r10="1" r11="0" r12="0" r13="0" r14="0" r15="1" id="435" color_r="0.498039" color_g="0.572549" color_b="0.490196" type_file="Data/Objects/Buildings/PostRound1.xml">
            <parameters />
        </EnvObject>
        <EnvObject t0="134.682" t1="31.6606" t2="172.658" s0="2.28844" s1="2.13602" s2="1.14741" q0="0" q1="0" q2="0" r0="1" r1="0" r2="0" r3="0" r4="0" r5="1" r6="0" r7="0" r8="0" r9="0" r10="1" r11="0" r12="0" r13="0" r14="0" r15="1" id="606" color_r="0.498039" color_g="0.572549" color_b="0.490196" type_file="Data/Objects/Buildings/PostRound1.xml">
            <parameters />
        </EnvObject>
        <EnvObject t0="130.771" t1="33.4273" t2="172.526" s0="2.24726" s1="1.29568" s2="1.99559" q0="0.5" q1="0" q2="0" r0="1" r1="0" r2="0" r3="0" r4="0" r5="0.5" r6="0.866026" r7="0" r8="0" r9="-0.866026" r10="0.5" r11="0" r12="0" r13="0" r14="0" r15="1" id="611" color_r="1" color_g="1" color_b="1" type_file="Data/Objects/Buildings/Post1.xml">
            <parameters />
        </EnvObject>
        <EnvObject t0="134.725" t1="33.4273" t2="172.526" s0="2.24726" s1="1.29568" s2="1.99559" q0="0.5" q1="0" q2="0" r0="1" r1="0" r2="0" r3="0" r4="0" r5="0.5" r6="0.866026" r7="0" r8="0" r9="-0.866026" r10="0.5" r11="0" r12="0" r13="0" r14="0" r15="1" id="612" color_r="1" color_g="1" color_b="1" type_file="Data/Objects/Buildings/Post1.xml">
            <parameters />
        </EnvObject>
        <EnvObject t0="130.78" t1="32.4224" t2="173.317" s0="1" s1="0.603301" s2="1" q0="0.258819" q1="0" q2="0" r0="1" r1="0" r2="0" r3="0" r4="0" r5="0.866025" r6="0.5" r7="0" r8="0" r9="-0.5" r10="0.866025" r11="0" r12="0" r13="0" r14="0" r15="1" id="613" color_r="0.537255" color_g="0.709804" color_b="0.517647" type_file="Data/Objects/Buildings/Post1.xml">
            <parameters />
        </EnvObject>
        <EnvObject t0="134.711" t1="32.4224" t2="173.317" s0="1" s1="0.603301" s2="1" q0="0.258819" q1="0" q2="0" r0="1" r1="0" r2="0" r3="0" r4="0" r5="0.866025" r6="0.5" r7="0" r8="0" r9="-0.5" r10="0.866025" r11="0" r12="0" r13="0" r14="0" r15="1" id="614" color_r="0.537255" color_g="0.709804" color_b="0.517647" type_file="Data/Objects/Buildings/Post1.xml">
            <parameters />
        </EnvObject>
        <EnvObject t0="132.773" t1="33.0768" t2="171.783" s0="1.18977" s1="1.31135" s2="1.74152" q0="0.353553" q1="0.353553" q2="-0.612372" r0="1.72853e-006" r1="-0.500001" r2="-0.866025" r3="0" r4="1" r5="1.66893e-006" r6="1.07288e-006" r7="0" r8="9.23872e-007" r9="-0.866025" r10="0.500001" r11="0" r12="0" r13="0" r14="0" r15="1" id="616" color_r="1" color_g="1" color_b="1" type_file="Data/Objects/Buildings/Post1.xml">
            <parameters />
        </EnvObject>
        <EnvObject t0="132.773" t1="33.8774" t2="173.169" s0="1.18977" s1="1.31135" s2="1.74152" q0="0.353553" q1="0.353553" q2="-0.612372" r0="1.72853e-006" r1="-0.500001" r2="-0.866025" r3="0" r4="1" r5="1.66893e-006" r6="1.07288e-006" r7="0" r8="9.23872e-007" r9="-0.866025" r10="0.500001" r11="0" r12="0" r13="0" r14="0" r15="1" id="617" color_r="1" color_g="1" color_b="1" type_file="Data/Objects/Buildings/Post1.xml">
            <parameters />
        </EnvObject>
        <EnvObject t0="132.899" t1="33.5151" t2="172.447" s0="1.0204" s1="1.18012" s2="1.49358" q0="0.433013" q1="0.25" q2="-0.433013" r0="0.5" r1="-0.433013" r2="-0.75" r3="0" r4="0.866025" r5="0.249999" r6="0.433013" r7="0" r8="-6.55651e-007" r9="-0.866025" r10="0.5" r11="0" r12="0" r13="0" r14="0" r15="1" id="618" color_r="1" color_g="1" color_b="1" type_file="Data/Objects/Buildings/Post1.xml">
            <parameters />
        </EnvObject>
        <EnvObject t0="132.899" t1="33.5151" t2="172.447" s0="1.0204" s1="1.18012" s2="1.49358" q0="0.25" q1="0.433013" q2="-0.75" r0="-0.5" r1="-0.433012" r2="-0.75" r3="0" r4="0.866025" r5="-0.25" r6="-0.433013" r7="0" r8="1.49012e-007" r9="-0.866026" r10="0.5" r11="0" r12="0" r13="0" r14="0" r15="1" id="619" color_r="1" color_g="1" color_b="1" type_file="Data/Objects/Buildings/Post1.xml">
            <parameters />
        </EnvObject>
        <EnvObject t0="130.764" t1="32.8232" t2="171.121" s0="2.28549" s1="2.28545" s2="1.89059" q0="0.499529" q1="0.0216916" q2="-0.037571" r0="0.996236" r1="-0.0433425" r2="-0.0750712" r3="0" r4="0.0866848" r5="0.498118" r6="0.862765" r7="0" r8="-2.23517e-008" r9="-0.866025" r10="0.5" r11="0" r12="0" r13="0" r14="0" r15="1" id="645" color_r="0.180392" color_g="0.180392" color_b="0.180392" type_file="Data/Objects/Buildings/LargeNail1.xml">
            <parameters />
        </EnvObject>
        <EnvObject t0="134.731" t1="32.8193" t2="171.123" s0="2.28549" s1="2.28545" s2="1.89059" q0="0.499681" q1="-0.0178586" q2="0.030932" r0="0.997449" r1="0.0356944" r2="0.0618246" r3="0" r4="-0.0713889" r5="0.498724" r6="0.863816" r7="0" r8="-1.30385e-008" r9="-0.866026" r10="0.5" r11="0" r12="0" r13="0" r14="0" r15="1" id="646" color_r="0.180392" color_g="0.180392" color_b="0.180392" type_file="Data/Objects/Buildings/LargeNail1.xml">
            <parameters />
        </EnvObject>
        <EnvObject t0="134.739" t1="34.2742" t2="173.643" s0="2.28549" s1="2.28545" s2="1.89059" q0="0.5" q1="0" q2="0" r0="1" r1="0" r2="0" r3="0" r4="0" r5="0.5" r6="0.866026" r7="0" r8="0" r9="-0.866026" r10="0.5" r11="0" r12="0" r13="0" r14="0" r15="1" id="647" color_r="0.180392" color_g="0.180392" color_b="0.180392" type_file="Data/Objects/Buildings/LargeNail1.xml">
            <parameters />
        </EnvObject>
        <EnvObject t0="130.73" t1="34.2763" t2="173.646" s0="2.28549" s1="2.28545" s2="1.89059" q0="0.499934" q1="0.00814742" q2="-0.0141117" r0="0.999469" r1="-0.0162926" r2="-0.0282197" r3="0" r4="0.0325853" r5="0.499734" r6="0.865566" r7="0" r8="3.07336e-008" r9="-0.866026" r10="0.499999" r11="0" r12="0" r13="0" r14="0" r15="1" id="648" color_r="0.180392" color_g="0.180392" color_b="0.180392" type_file="Data/Objects/Buildings/LargeNail1.xml">
            <parameters />
        </EnvObject>
        <EnvObject t0="132.892" t1="33.6091" t2="172.447" s0="2.28549" s1="2.28545" s2="1.74066" q0="0.339576" q1="-0.366999" q2="0.635661" r0="-0.0775071" r1="0.498496" r2="0.863421" r3="0" r4="-0.996992" r5="-0.0387537" r6="-0.0671229" r7="0" r8="2.98023e-008" r9="-0.866026" r10="0.5" r11="0" r12="0" r13="0" r14="0" r15="1" id="649" color_r="0.180392" color_g="0.180392" color_b="0.180392" type_file="Data/Objects/Buildings/LargeNail1.xml">
            <parameters />
        </EnvObject>
    </Group>
</ActorObjects>
