<?xml version="2.0" ?>
<Type>saved</Type>
<ActorObjects>
    <Group t0="-116.493" t1="60.4108" t2="-280.727" s0="33.7423" s1="58.2484" s2="39.6929" q0="0" q1="0" q2="0" r0="1" r1="0" r2="0" r3="0" r4="0" r5="1" r6="0" r7="0" r8="0" r9="0" r10="1" r11="0" r12="0" r13="0" r14="0" r15="1" id="1842" version="1">
        <parameters />
        <EnvObject t0="-116.087" t1="70.9061" t2="-288.366" s0="1.00008" s1="1.58821" s2="0.902534" q0="0" q1="-0.713347" q2="1.19209e-007" r0="-0.0177277" r1="1.67086e-007" r2="0.999843" r3="0" r4="-1.67086e-007" r5="1" r6="-1.70075e-007" r7="0" r8="-0.999843" r9="-1.70075e-007" r10="-0.0177277" r11="0" r12="0" r13="0" r14="0" r15="1" id="1840" color_r="1" color_g="1" color_b="1" type_file="Data/Objects/Buildings/arena/arena_door.xml">
            <parameters />
        </EnvObject>
        <EnvObject t0="-115.968" t1="60.328" t2="-289.088" s0="1.78676" s1="1.78676" s2="1.78676" q0="-5.96046e-008" q1="0.999964" q2="-8.19564e-008" r0="-0.999858" r1="-1.20588e-007" r2="-0.0168771" r3="0" r4="-1.17822e-007" r5="1" r6="-1.64913e-007" r7="0" r8="0.0168771" r9="-1.62901e-007" r10="-0.999858" r11="0" r12="0" r13="0" r14="0" r15="1" id="1841" color_r="1" color_g="1" color_b="1" type_file="Data/Objects/Buildings/arena/arena_vip_gate.xml">
            <parameters />
        </EnvObject>
        <EnvObject t0="-115.965" t1="86.0463" t2="-289.67" s0="1.81089" s1="1.58819" s2="1.40915" q0="-0.00151041" q1="0.990854" q2="-0.134768" r0="-0.999908" r1="-0.00477876" r2="-0.0127209" r3="0" r4="-0.00120763" r5="0.963671" r6="-0.26709" r7="0" r8="0.0135351" r9="-0.26705" r10="-0.963588" r11="0" r12="0" r13="0" r14="0" r15="1" id="1843" color_r="1" color_g="0.352941" color_b="0.352941" type_file="Data/Objects/Buildings/arena/arena_vip_roof.xml">
            <parameters />
        </EnvObject>
        <EnvObject t0="-116.142" t1="39.8845" t2="-284.615" s0="1.71796" s1="1.71623" s2="1.65724" q0="-1.78814e-007" q1="-0.00762963" q2="-5.96046e-008" r0="0.999884" r1="-1.16477e-007" r2="0.0152588" r3="0" r4="1.21934e-007" r5="1" r6="-3.56708e-007" r7="0" r8="-0.0152588" r9="3.58527e-007" r10="0.999884" r11="0" r12="0" r13="0" r14="0" r15="1" id="1844" color_r="1" color_g="1" color_b="1" type_file="Data/Objects/Buildings/arena/arena_gate.xml">
            <parameters />
        </EnvObject>
        <EnvObject t0="-129.065" t1="47.1586" t2="-270.495" s0="1.38068" s1="1.35063" s2="1.38068" q0="5.96046e-008" q1="0.999585" q2="-1.3411e-007" r0="-0.998341" r1="1.11436e-007" r2="-0.0575713" r3="0" r4="1.26884e-007" r5="1" r6="-2.64677e-007" r7="0" r8="0.0575713" r9="-2.71543e-007" r10="-0.998341" r11="0" r12="0" r13="0" r14="0" r15="1" id="1846" color_r="1" color_g="1" color_b="1" type_file="Data/Objects/Buildings/arena/arena_staircase.xml">
            <parameters />
        </EnvObject>
        <EnvObject t0="-103.953" t1="47.1576" t2="-269.804" s0="1.38068" s1="1.35063" s2="1.38068" q0="5.96046e-008" q1="0.999987" q2="-1.19209e-007" r0="-0.999947" r1="1.17977e-007" r2="-0.0103204" r3="0" r4="1.20438e-007" r5="1" r6="-2.378e-007" r7="0" r8="0.0103204" r9="-2.39031e-007" r10="-0.999947" r11="0" r12="0" r13="0" r14="0" r15="1" id="1847" color_r="1" color_g="1" color_b="1" type_file="Data/Objects/Buildings/arena/arena_staircase.xml">
            <parameters />
        </EnvObject>
        <EnvObject t0="-129.238" t1="59.4675" t2="-270.884" s0="1.57402" s1="1" s2="1.28909" q0="0.00226653" q1="0.992071" q2="-0.124351" r0="-0.999336" r1="-7.40401e-008" r2="-0.0364423" r3="0" r4="0.00899429" r5="0.969064" r6="-0.246647" r7="0" r8="0.0353149" r9="-0.246811" r10="-0.96842" r11="0" r12="0" r13="0" r14="0" r15="1" id="1848" color_r="1" color_g="0.352941" color_b="0.352941" type_file="Data/Objects/Buildings/arena/arena_staircase_roof.xml">
            <parameters />
        </EnvObject>
        <EnvObject t0="-103.743" t1="59.4675" t2="-269.922" s0="1.57402" s1="1" s2="1.28909" q0="0.00226653" q1="0.992071" q2="-0.124351" r0="-0.999336" r1="-7.40401e-008" r2="-0.0364423" r3="0" r4="0.00899429" r5="0.969064" r6="-0.246647" r7="0" r8="0.0353149" r9="-0.246811" r10="-0.96842" r11="0" r12="0" r13="0" r14="0" r15="1" id="1849" color_r="1" color_g="0.352941" color_b="0.352941" type_file="Data/Objects/Buildings/arena/arena_staircase_roof.xml">
            <parameters />
        </EnvObject>
        <EnvObject t0="-116.443" t1="49.5076" t2="-273.967" s0="1.1056" s1="1" s2="1.36951" q0="-1.19209e-007" q1="0.695912" q2="1.19209e-007" r0="0.0314133" r1="5.29654e-009" r2="-0.999506" r3="0" r4="-3.37133e-007" r5="1" r6="-5.29654e-009" r7="0" r8="0.999506" r9="3.37133e-007" r10="0.0314133" r11="0" r12="0" r13="0" r14="0" r15="1" id="1850" color_r="0.478431" color_g="0.478431" color_b="0.478431" type_file="Data/Objects/Buildings/arena/arena_staircase_roof.xml">
            <parameters />
        </EnvObject>
        <EnvObject t0="-122.8" t1="36.545" t2="-274.435" s0="1.13817" s1="1.13817" s2="1.13817" q0="-1.19209e-007" q1="0.693882" q2="1.19209e-007" r0="0.0370542" r1="6.24794e-009" r2="-0.999313" r3="0" r4="-3.37117e-007" r5="1" r6="-6.24794e-009" r7="0" r8="0.999313" r9="3.37117e-007" r10="0.0370542" r11="0" r12="0" r13="0" r14="0" r15="1" id="1851" color_r="1" color_g="1" color_b="1" type_file="Data/Objects/Buildings/cat_town/buttress.xml">
            <parameters />
        </EnvObject>
        <EnvObject t0="-123.121" t1="36.545" t2="-265.769" s0="1.13817" s1="1.13817" s2="1.13817" q0="-1.19209e-007" q1="0.693882" q2="1.19209e-007" r0="0.0370542" r1="6.24794e-009" r2="-0.999313" r3="0" r4="-3.37117e-007" r5="1" r6="-6.24794e-009" r7="0" r8="0.999313" r9="3.37117e-007" r10="0.0370542" r11="0" r12="0" r13="0" r14="0" r15="1" id="1852" color_r="1" color_g="1" color_b="1" type_file="Data/Objects/Buildings/cat_town/buttress.xml">
            <parameters />
        </EnvObject>
        <EnvObject t0="-109.967" t1="36.545" t2="-273.96" s0="1.13817" s1="1.13817" s2="1.13817" q0="0" q1="-0.720089" q2="2.38419e-007" r0="-0.0370554" r1="3.30869e-007" r2="0.999313" r3="0" r4="-3.30869e-007" r5="1" r6="-3.43365e-007" r7="0" r8="-0.999313" r9="-3.43365e-007" r10="-0.0370554" r11="0" r12="0" r13="0" r14="0" r15="1" id="1853" color_r="1" color_g="1" color_b="1" type_file="Data/Objects/Buildings/cat_town/buttress.xml">
            <parameters />
        </EnvObject>
        <EnvObject t0="-110.287" t1="36.545" t2="-265.294" s0="1.13817" s1="1.13817" s2="1.13817" q0="0" q1="-0.720089" q2="2.38419e-007" r0="-0.0370554" r1="3.30869e-007" r2="0.999313" r3="0" r4="-3.30869e-007" r5="1" r6="-3.43365e-007" r7="0" r8="-0.999313" r9="-3.43365e-007" r10="-0.0370554" r11="0" r12="0" r13="0" r14="0" r15="1" id="1854" color_r="1" color_g="1" color_b="1" type_file="Data/Objects/Buildings/cat_town/buttress.xml">
            <parameters />
        </EnvObject>
        <EnvObject t0="-123.998" t1="45.7113" t2="-265.404" s0="0.999911" s1="0.999911" s2="0.999911" q0="-1.78814e-007" q1="0.686707" q2="-5.96046e-008" r0="0.0568663" r1="-3.32243e-007" r2="-0.998382" r3="0" r4="-1.58928e-007" r5="1" r6="-3.41834e-007" r7="0" r8="0.998382" r9="1.7811e-007" r10="0.0568663" r11="0" r12="0" r13="0" r14="0" r15="1" id="1855" color_r="1" color_g="1" color_b="1" type_file="Data/Objects/Buildings/arena/arena_support.xml">
            <parameters />
        </EnvObject>
        <EnvObject t0="-109.385" t1="45.6485" t2="-264.884" s0="1" s1="1" s2="1" q0="0" q1="-0.704793" q2="2.38419e-007" r0="0.00653374" r1="3.38275e-007" r2="0.999979" r3="0" r4="-3.38275e-007" r5="1" r6="-3.36072e-007" r7="0" r8="-0.999979" r9="-3.36072e-007" r10="0.00653374" r11="0" r12="0" r13="0" r14="0" r15="1" id="1856" color_r="1" color_g="1" color_b="1" type_file="Data/Objects/Buildings/arena/arena_support.xml">
            <parameters />
        </EnvObject>
        <EnvObject t0="-123.739" t1="52.4603" t2="-265.403" s0="4.45819" s1="4.45819" s2="4.45819" q0="-1.19209e-007" q1="0.691217" q2="0" r0="0.0444389" r1="-1.64799e-007" r2="-0.999012" r3="0" r4="-1.64799e-007" r5="1" r6="-1.72293e-007" r7="0" r8="0.999012" r9="1.72293e-007" r10="0.0444389" r11="0" r12="0" r13="0" r14="0" r15="1" id="1857" color_r="1" color_g="1" color_b="1" type_file="Data/Objects/therium/therium/Buildings/arliss/statue_of_vivian.xml">
            <parameters />
        </EnvObject>
        <EnvObject t0="-109.645" t1="52.3771" t2="-264.904" s0="4.45819" s1="4.45819" s2="4.45819" q0="0" q1="-0.722647" q2="5.96047e-008" r0="-0.0444373" r1="8.23995e-008" r2="0.999012" r3="0" r4="-8.23995e-008" r5="1" r6="-8.61462e-008" r7="0" r8="-0.999012" r9="-8.61462e-008" r10="-0.0444373" r11="0" r12="0" r13="0" r14="0" r15="1" id="1858" color_r="1" color_g="1" color_b="1" type_file="Data/Objects/therium/therium/Buildings/arliss/statue_of_vivian.xml">
            <parameters />
        </EnvObject>
        <EnvObject t0="-123.501" t1="45.7113" t2="-274.127" s0="0.999911" s1="0.999911" s2="0.999911" q0="-1.78814e-007" q1="0.686707" q2="-5.96046e-008" r0="0.0568663" r1="-3.32243e-007" r2="-0.998382" r3="0" r4="-1.58928e-007" r5="1" r6="-3.41834e-007" r7="0" r8="0.998382" r9="1.7811e-007" r10="0.0568663" r11="0" r12="0" r13="0" r14="0" r15="1" id="1860" color_r="1" color_g="1" color_b="1" type_file="Data/Objects/Buildings/arena/arena_support.xml">
            <parameters />
        </EnvObject>
        <EnvObject t0="-109.325" t1="45.6485" t2="-273.851" s0="1" s1="1" s2="1" q0="0" q1="-0.704793" q2="2.38419e-007" r0="0.00653374" r1="3.38275e-007" r2="0.999979" r3="0" r4="-3.38275e-007" r5="1" r6="-3.36072e-007" r7="0" r8="-0.999979" r9="-3.36072e-007" r10="0.00653374" r11="0" r12="0" r13="0" r14="0" r15="1" id="1861" color_r="1" color_g="1" color_b="1" type_file="Data/Objects/Buildings/arena/arena_support.xml">
            <parameters />
        </EnvObject>
        <EnvObject t0="-116.003" t1="39.8849" t2="-293.708" s0="1.71796" s1="1.71623" s2="1.65724" q0="-1.78814e-007" q1="-0.00762963" q2="-5.96046e-008" r0="0.999884" r1="-1.16477e-007" r2="0.0152588" r3="0" r4="1.21934e-007" r5="1" r6="-3.56708e-007" r7="0" r8="-0.0152588" r9="3.58527e-007" r10="0.999884" r11="0" r12="0" r13="0" r14="0" r15="1" id="1839" color_r="1" color_g="1" color_b="1" type_file="Data/Objects/Buildings/arena/arena_gate.xml">
            <parameters />
        </EnvObject>
    </Group>
</ActorObjects>
